units - 2007 US$
CO

1997
,BONA,TENA,CEAM,NHSA,SHSA,EURO,MIDE,NHAF,SHAF,BOAS,TEAS,SEAS,EQAS,AUST,Global
SAVA,77830.351064694027,48562868.459145457,68781853.36386086,35900167.410609975,292590923.30595398,48678397.960165597,338090.35376483935,2222323373.575429,1386372204.4633477,5472528.8852724284,699890539.14346564,1079184922.9960191,904807215.22631347,47866682.938270755,6840847598.4326839
BORF,13440135.845014058,0.0,0.0,0.0,0.0,1201147.9149549813,0.0,201.23565084466591,1197.9125583601992,240328306.64138737,868518072.44717133,0.0,0.0,0.0,1123489061.996737
TEMF,2649737.0962058054,67559378.828112736,2455854.0616950835,0.0,15320637.150158783,39178412.192185774,23772.74933291442,0.0,1926128.5678000469,11093006.880525442,458230232.33613193,161986108.63477769,0.0,13977428.735495802,774400697.23242199
DEFO,0.0,0.0,52072208.673783928,17453211.401838444,243065773.03360164,0.0,0.0,125201241.90495734,29185448.656721931,0.0,91435687.886835456,500217171.16345161,6052622534.349123,963810.0425773121,7112217087.1128912
PEAT,1167962.17733751,0.0,0.0,0.0,0.0,13534.061550555685,0.0,0.0,0.0,4580234.7102410439,1424297.6229031414,0.0,13724867325.909233,0.0,13732053354.481266
AGRI,582856.24315171863,48118603.995873094,41201993.465774976,5347268.3705943637,28800559.876434535,128423514.86104462,1005864.20021706,283501646.88160843,69174695.835412711,56014244.765659831,1373758368.014946,307613501.19070822,306478074.72683936,1703615.0986939271,2651724807.5269589
total,17918521.712773781,164240851.2831313,164511909.56511486,58700647.18304278,579777893.36614895,217495006.98990154,1367727.3033148139,2631026463.5976458,1486659675.4358406,317488321.88308609,3493257197.4514532,2049001703.9849567,20988775150.21151,64511536.815037794,32234732606.782959

1998
,BONA,TENA,CEAM,NHSA,SHSA,EURO,MIDE,NHAF,SHAF,BOAS,TEAS,SEAS,EQAS,AUST,Global
SAVA,249265.69757227667,57933196.755158886,388824096.44203538,47240398.42885147,303148285.69813442,67590153.346198067,1165712.0834016788,2743951599.0230074,1623986473.720732,5619361.0285190158,616353934.0785042,2026585801.6538422,236626053.50843331,45690474.858109444,8164964806.3224993
BORF,54089608.752957515,0.0,0.0,0.0,0.0,1849169.3752529861,0.0,111.65431814478313,1350.1357367488276,865265093.78983784,683510630.20290875,0.0,0.0,0.0,1604715963.9110119
TEMF,2940752.2965113246,84273573.484739691,23067129.680223364,0.0,13088478.918696817,33009019.200556416,85624.364505903883,0.0,4001932.8861255427,8893046.0610806104,510352955.20016503,230691527.32962054,0.0,10014514.911155172,920418554.33338046
DEFO,0.0,0.0,799925574.67115617,28679581.777427629,437904260.75381857,0.0,0.0,448073433.58634245,30367692.847502783,0.0,127612016.53602614,1797086854.3072386,997405848.98536956,1350965.744467733,4668406229.2093496
PEAT,5089487.4981232537,0.0,0.0,0.0,0.0,239080.23476843143,0.0,0.0,0.0,15922613.103262229,948827.86733734293,0.0,233429321.61727005,0.0,255629330.32076132
AGRI,2006972.4194899132,55206148.623532861,185313050.18016022,6392777.3274290273,30131340.612117007,135712397.96502629,2617020.6158660734,300424757.70077848,83942327.335769132,90539997.525887564,1225720368.5584307,394227132.67739367,62140260.196003862,1829894.279676999,2576204446.0175614
total,64376086.664654277,197412918.86343142,1397129850.9735751,82312757.533708125,784272365.98276687,238399820.12180221,3868357.0637736563,3492449901.9644465,1742299776.9258661,986240111.50858724,3164498732.4433722,4448591315.9680948,1529601484.3070767,58885849.793409348,18190339330.114563

1999
,BONA,TENA,CEAM,NHSA,SHSA,EURO,MIDE,NHAF,SHAF,BOAS,TEAS,SEAS,EQAS,AUST,Global
SAVA,154217.26554195545,71214329.898500204,80265806.934299916,30264323.85300228,294573041.63167375,34228857.257902376,681264.60356179136,2329635499.3987961,1388509546.3494658,3474387.9049875624,367715429.66581243,1482081977.2034912,124308287.9354964,99353717.530230254,6306460687.4327621
BORF,22256799.182066191,0.0,0.0,0.0,0.0,390009.57474770228,0.0,102.04282871746778,1241.3407127857561,276910275.19976449,303849939.63668722,0.0,0.0,0.0,603408366.97680712
TEMF,1350295.8631603471,177738272.6375204,10360000.893831411,0.0,18148774.555383898,27114167.98057941,42266.706197289568,0.0,1778434.9387261895,10690057.558227716,422682096.08362108,449093033.89761168,0.0,9385385.2788025327,1128382786.393662
DEFO,0.0,0.0,50619975.372682363,9536015.8891077358,367350995.63343412,0.0,0.0,220127441.76317966,21261461.775458291,0.0,86531514.912385657,1235437110.4290452,670369080.28979623,2495446.6323069986,2663729042.6973963
PEAT,2461610.2481263117,0.0,0.0,0.0,0.0,13131.840752975382,0.0,0.0,0.0,6376945.5444867993,591175.32552179694,0.0,450873802.5969193,0.0,460316665.55580717
AGRI,599742.97426584759,61342464.10857521,47103342.35456346,4056343.5609116815,31100795.322934624,114076683.95659377,1701491.9902523423,255135901.43729419,69557524.688062876,46010607.454409197,884103849.79510868,387384265.59817874,38198018.031620793,2559682.1607390391,1942930713.4335105
total,26822665.533160653,310295066.6445958,188349125.55537719,43856683.303021699,711173607.14342642,175822850.61057621,2425023.3000114234,2804898944.6420984,1481108209.0924261,343462273.66187578,2065474005.419137,3553996387.1283269,1283749188.8538327,113794231.60207881,13105228262.489943

2000
,BONA,TENA,CEAM,NHSA,SHSA,EURO,MIDE,NHAF,SHAF,BOAS,TEAS,SEAS,EQAS,AUST,Global
SAVA,94175.873991728004,105869062.91553719,177802306.12295654,39531562.908292957,125499482.96761744,109215411.1016576,1160232.1510178808,2400660950.6380663,1290791151.7985673,3767572.5487982882,378889723.35325837,1257132749.5510702,54133977.540761068,63373505.099965677,6007921864.571559
BORF,11600560.047126809,0.0,0.0,0.0,0.0,641510.44257358031,0.0,0.0,115.56586146028721,320631427.24485552,485629827.72676337,0.0,0.0,0.0,818503441.02718067
TEMF,538499.62583814305,146736555.81124029,9773813.8645068333,0.0,12585316.977742031,42126282.249453694,20158.702445205159,0.0,1337731.9522231184,3124385.5597166247,214645327.16342589,266180736.53096634,0.0,7993658.1728097545,705062466.61036789
DEFO,0.0,0.0,147437332.30743918,14109206.117537688,171596384.83797777,0.0,0.0,338167116.40557939,47390595.977112159,0.0,47527594.303386725,768204780.8063916,290657954.62366194,1222448.607188757,1826313413.9862752
PEAT,1066002.097693674,0.0,0.0,0.0,0.0,19627.898028604926,0.0,0.0,0.0,10207684.318839533,1264049.3581988679,0.0,75451119.389900193,0.0,88008483.062660873
AGRI,1446127.8837653457,55050357.92233222,96021932.261864603,3635171.0686497167,18654509.884938203,399262416.5413239,1238425.3331102463,276838180.82234287,59951428.747905038,45498031.062504485,814159282.07018578,283715679.09641361,22456885.126180653,1432234.8963432591,2079360662.7178597
total,14745365.5284157,307655976.64910972,431035384.55676717,57275940.094480358,328335694.66827542,551265248.23303735,2418816.1865733322,3015666247.8659887,1399471024.0416689,383229100.73471445,1942115803.9752188,2575233945.9848418,442699936.68050385,74021846.776307449,11525170331.975903

2001
,BONA,TENA,CEAM,NHSA,SHSA,EURO,MIDE,NHAF,SHAF,BOAS,TEAS,SEAS,EQAS,AUST,Global
SAVA,45181.04764444079,41281846.520518675,54731154.157608829,37400611.475193098,189050734.42921644,36107917.021747023,493491.0305736179,2117993923.4664743,1642101763.6119132,4054581.6339460732,411923324.50061148,923597632.32999623,71051989.594726622,93437632.690773845,5623271783.5109434
BORF,5315248.4533141758,0.0,0.0,0.0,0.0,34612.384896225092,0.0,0.0,0.0,282632922.93688124,160870589.65179753,0.0,0.0,0.0,448853373.42688918
TEMF,1350785.9629959948,71905666.118183017,1505207.7017901994,0.0,8772474.4307893272,15040029.514989695,34588.30343261196,0.0,2615545.0669336086,5522332.4969798848,247990823.47723842,185414108.32851171,0.0,9223605.0349347703,549375166.43677926
DEFO,0.0,0.0,34894238.493256286,18549862.528184276,85082740.200942576,0.0,0.0,168455682.33039865,145916996.50457764,0.0,31902633.882266406,360242911.89819068,165286382.17847446,2832093.5435862136,1013163541.5598772
PEAT,740647.77117062605,0.0,0.0,0.0,0.0,0.0,0.0,0.0,0.0,14068937.574393131,803448.81496139267,0.0,367256078.03315532,0.0,382869112.19368047
AGRI,654928.78695210314,57043387.736550197,30550900.605456214,6376056.34462192,15553125.357359121,279241240.72097343,1701858.6910458149,241147314.6602788,105356330.34511065,41488367.07176441,1495405427.7143099,102900549.69352835,30247563.257387813,3041954.3948274795,2410709005.3801661
total,8106792.0220773416,170230900.37525189,121681500.95811154,62326530.347999297,298459074.41830748,330423799.64260638,2229938.0250520445,2527596920.4571519,1895990635.5285351,347767141.71396476,2348896248.0411854,1572155202.250227,633842013.06374419,108535285.66412231,10428241982.508335

2002
,BONA,TENA,CEAM,NHSA,SHSA,EURO,MIDE,NHAF,SHAF,BOAS,TEAS,SEAS,EQAS,AUST,Global
SAVA,60105.415985303625,77755663.452690899,69180419.628977373,27000203.647405766,270472372.82511806,25758743.845796764,612144.19056393916,2217615809.8790083,1348425512.815521,2023654.0384333651,879062082.13289356,1001480391.6385682,298941578.15691793,75343935.127187073,6293732616.7950668
BORF,54182379.05015026,0.0,0.0,0.0,0.0,135556.84117668465,0.0,0.0,0.0,501189007.07047743,639660456.11528409,0.0,0.0,0.0,1195167399.0770884
TEMF,1071925.7234975661,153121596.58354855,3157516.7144072973,0.0,11617331.163858684,23665806.53878757,45977.967738832362,0.0,1361106.0825595849,12614139.247596648,177460208.37246352,91165822.218692064,0.0,18779523.494949214,494060954.10809958
DEFO,0.0,0.0,52016590.081236266,4687480.6081005391,244787881.62710902,0.0,0.0,186474427.00772497,137864874.73695692,0.0,16694863.949176421,562956596.35565901,1642699903.8324864,2574949.0434423448,2850757567.2418919
PEAT,6146343.9957719855,0.0,0.0,0.0,0.0,12312.061467334117,0.0,0.0,0.0,10982891.308837421,827245.01363697532,0.0,2540539063.3368254,0.0,2558507855.7165389
AGRI,509976.41526291205,32103517.954007186,39053900.906989403,3342626.4116784623,21184562.302827146,91026355.935055226,1395612.5359209941,254379509.35672894,91856440.65186964,37655502.537620269,1257801542.9465065,186702137.58392933,108896556.78406017,2179127.9123372566,2128087370.2347937
total,61970730.600668035,262980777.99024662,163408427.33161032,35030310.66718477,548062147.91891289,140598775.22228357,2053734.6942237657,2658469746.2434621,1579507934.286907,564465194.20296514,2971506398.5299606,1842304947.7968485,4591077102.1102896,98877535.577915892,15520313763.173481

2003
,BONA,TENA,CEAM,NHSA,SHSA,EURO,MIDE,NHAF,SHAF,BOAS,TEAS,SEAS,EQAS,AUST,Global
SAVA,55813.897608763182,56671976.294304579,154193337.93458876,46558315.639600322,198311507.74252313,73305663.549108088,546903.02539629547,2074081454.5167594,1461926674.9949911,6051096.6722762603,529301022.05515146,1171889237.9031105,120951699.36927812,38810544.612077095,5932655248.2067728
BORF,31204509.561949342,0.0,0.0,0.0,0.0,348777.95037276443,0.0,0.0,5771.7599159296597,867689192.30519342,716746919.74029803,0.0,0.0,0.0,1615995171.3177295
TEMF,1645173.6953238358,117423278.88738199,2128033.1221408374,0.0,13357097.526302014,50401569.28402517,43064.220126874563,0.0,2489868.2950452524,3447204.9374291683,183557435.95462617,226844749.9372718,0.0,37424207.389705606,638761683.2493788
DEFO,0.0,0.0,281048976.11433095,50891961.40575552,216271018.7486771,0.0,0.0,134284340.99989691,121084859.94494741,0.0,74148515.416769892,515522868.56593168,414839019.72009897,3199898.1181741618,1811291459.0345824
PEAT,5714390.8730966933,0.0,0.0,0.0,0.0,28105.996550377491,0.0,0.0,0.0,27741974.274940033,2121828.7157561802,0.0,599023111.06135404,0.0,634629410.92169738
AGRI,184543.91486128487,75064282.610907689,68854589.104542166,4943972.3768339511,20509527.198317848,134248431.09787703,1966532.7613358973,174758073.98992196,65932176.651963867,76851334.372043163,775763913.55047703,219938518.43546665,40044521.971200593,1347066.6914993669,1660407484.7272487
total,38804431.942839921,249159537.79259425,506224936.2756027,102394249.42218979,448449151.21582007,258332547.87793344,2556500.0068590674,2383123869.5065784,1651439351.6468635,981780802.56188202,2281639635.4330788,2134195374.8417807,1174858352.1219318,80781716.811456233,12293740457.457411

2004
,BONA,TENA,CEAM,NHSA,SHSA,EURO,MIDE,NHAF,SHAF,BOAS,TEAS,SEAS,EQAS,AUST,Global
SAVA,18914.490299057445,51511885.382903285,42943292.725807421,36664826.233898021,243452136.18413693,28229332.07359625,642694.68570440332,1880376301.5416331,1434527297.4486825,7532920.0689870808,609818080.96749389,1906274381.5742834,236307946.89024362,67792610.001265749,6546092620.2689342
BORF,67145458.159021169,0.0,0.0,0.0,0.0,22947.284404670576,0.0,0.0,11358.63589327081,88506635.263327107,286565054.3059054,0.0,0.0,0.0,442251453.64855158
TEMF,387559.6865119625,60160440.486604072,360001.57453275728,0.0,12399103.069199607,13331181.7034261,29783.21485917937,0.0,637626.0224718781,6089233.2124069789,311221189.11893398,233860613.75938833,0.0,2381851.5795972804,640858583.42793202
DEFO,0.0,0.0,20153980.374105435,10248693.820462145,395796218.29297554,0.0,0.0,113068694.02763103,136495371.84318754,0.0,187058605.80317667,1784524934.8726184,1196216377.132314,1826522.6844368582,3845389398.8509073
PEAT,4315480.0421166802,0.0,0.0,0.0,0.0,0.0,0.0,0.0,0.0,3758355.5024657995,752401.11290867731,0.0,1402786333.9008105,0.0,1411612570.5583017
AGRI,445850.91175382881,83279832.86198771,57354598.128105797,4028012.8563410835,22928310.001155004,165828918.70051101,2017105.1357717609,225746631.68925568,84327802.080125138,37753412.307559773,1165469689.365474,339368119.83938384,73198905.712875292,2397568.4930295898,2264144758.0833292
total,72313263.289702713,194952158.73149508,120811872.80255142,50941532.910701253,674575767.54746711,207412379.76193804,2689583.0363353435,2219191627.2585196,1655999456.0303605,143640556.35474676,2560885020.6738925,4264028050.0456743,2908509563.6362433,74398552.758329481,15150349384.837955

2005
,BONA,TENA,CEAM,NHSA,SHSA,EURO,MIDE,NHAF,SHAF,BOAS,TEAS,SEAS,EQAS,AUST,Global
SAVA,19533.741062180539,74233177.822922289,146875577.8989771,27188157.077124655,258516875.75292701,80328158.124656245,589957.11153313005,2244586057.7678747,1505540576.3982606,3489177.9259025562,610272879.00246418,1519424165.5569742,87017582.728848651,36410178.325956576,6594492055.2354832
BORF,44155635.266700372,0.0,0.0,0.0,0.0,691505.16256892856,0.0,0.0,0.0,164983865.30843091,105934064.32194535,0.0,0.0,0.0,315765070.05964559
TEMF,603158.19639176549,74519242.508786187,3689962.008760558,0.0,8906085.9297787212,28705304.024402533,123542.61571920283,0.0,2663196.3888235595,2770781.1743572336,209417599.91382551,216935682.2673668,0.0,1677051.8147991558,550011606.84301126
DEFO,0.0,0.0,175158942.15645516,7099011.8854305474,554415977.26352656,0.0,0.0,180972315.15779334,143520784.64773279,0.0,63475354.143168822,987154382.00807261,439475286.04776657,2347086.2719861194,2553619139.5819325
PEAT,4595283.1611824129,0.0,0.0,0.0,0.0,72846.501706128969,0.0,0.0,0.0,7561098.3187177507,598187.57456546545,0.0,986130269.24380267,0.0,998957684.79997444
AGRI,495426.72305973264,72037428.819547832,72315970.741771117,3796563.1916252291,19263633.362420592,118454759.66078892,1773661.6971479487,328322462.64575344,89048575.516446322,45115229.603064194,1437477505.2504947,448675594.4939183,37838081.997283794,1870701.6299051815,2676485595.3332276
total,49869037.088396467,220789849.15125632,398040452.80596393,38083732.15418043,841102572.30865288,228252573.47412276,2487161.4244002816,2753880835.5714216,1740773132.9512632,223920152.33047265,2427175590.2064638,3172189824.3263321,1550461220.0177016,42305018.042647026,13689331151.853273

2006
,BONA,TENA,CEAM,NHSA,SHSA,EURO,MIDE,NHAF,SHAF,BOAS,TEAS,SEAS,EQAS,AUST,Global
SAVA,22153.043246307148,90083755.929888114,77880442.56358999,24415184.774903901,144836875.53890738,33994646.831769064,699553.07413225796,1774230673.9226222,1413024649.6008799,10580477.717498055,651876427.48164499,1175280667.1370323,262148606.85720158,58342446.160647497,5717416560.6339636
BORF,31029929.728071276,0.0,0.0,0.0,0.0,4001703.3573691724,0.0,0.0,2600.8952293364596,317171087.25092649,527031448.23360705,0.0,0.0,0.0,879236769.46520329
TEMF,1174341.4766590199,136908401.96161845,8932035.3974262998,0.0,7595122.774618634,30445301.657808289,44058.800704937872,0.0,965115.26555216871,18547937.055469733,231369767.46063346,252052288.63424546,0.0,20520135.956780117,708554506.44151652
DEFO,0.0,0.0,71977202.804699466,3589472.0680122669,215169529.79714823,0.0,0.0,138942205.07049218,141809125.18880069,0.0,31878734.734114513,745640599.0015434,1946047250.336731,2019747.368427292,3297073866.3699689
PEAT,3140588.7643030058,0.0,0.0,0.0,0.0,108996.11176448301,0.0,0.0,0.0,6238018.005672452,1007828.0404828904,0.0,4630679960.6573629,0.0,4641175391.579586
AGRI,168115.1504627057,64751553.942394748,58486653.224865176,4107951.940091949,20578088.709735841,142498334.68932083,1858190.7135758782,276194149.90818232,80551226.995117769,87307945.539313301,1323033860.6018581,266868901.82459241,91094151.525237933,2072070.5301788512,2419571195.2949286
total,35535128.162742317,291743711.83390129,217276333.99058095,32112608.783008117,388179616.82041013,211048982.64803183,2601802.5884130741,2189367028.9012966,1636352717.94558,439845465.56888008,2766198066.552341,2439842456.5974135,6929969969.3765335,82954400.016033754,17663028289.785168

2007
,BONA,TENA,CEAM,NHSA,SHSA,EURO,MIDE,NHAF,SHAF,BOAS,TEAS,SEAS,EQAS,AUST,Global
SAVA,13211.691307934349,87000552.872384965,87473993.887775809,39743346.059917048,334171977.64886504,72136011.200858325,1090656.8011731582,1954074500.2488394,1388655047.5311706,1726519.8817181715,483761155.97867101,1755893900.0993903,93275066.443110943,53569907.267370313,6352585847.6125526
BORF,24142450.582801856,0.0,0.0,0.0,0.0,142632.61746299648,0.0,0.0,4158.4574200797188,146331451.7175267,686857035.6205548,0.0,0.0,0.0,857477728.9957664
TEMF,529017.633633313,252271284.21134135,7663366.6578112738,0.0,10596005.081498561,30428901.659438521,198030.28906766709,0.0,2831840.2248619739,4155773.2766056741,241353794.18050295,193941885.14387131,0.0,8665255.6596070342,752635154.01823962
DEFO,0.0,0.0,92468692.942351609,23311965.32128492,637076964.02588868,0.0,0.0,174909574.31483996,82199844.398243859,0.0,81811972.94246453,1955284496.7260108,189670153.04893798,658542.00855559204,3237392205.7285776
PEAT,2580224.0150862723,0.0,0.0,0.0,0.0,2914.4079223821809,0.0,0.0,0.0,4276273.3224279964,538966.14493128716,0.0,79879496.990259022,0.0,87277874.880626962
AGRI,190451.08212478313,86563014.460066661,58216052.277890258,5728264.2961337781,23668029.291468382,157553640.35563356,2120420.9513593251,268329590.05828536,57922644.196490057,41200881.671157055,1361841549.0863645,308236802.87268132,36407547.73255863,616262.32033688144,2408595150.6525502
total,27455355.004954159,425834851.54379296,245822105.76582897,68783575.677335739,1005512976.0477207,260264100.24131578,3409108.0416001505,2397313664.6219645,1531613534.8081865,197690899.86943558,2856164473.9534893,4213357084.8419538,399232264.21486652,63509967.255869821,13695963961.888313

2008
,BONA,TENA,CEAM,NHSA,SHSA,EURO,MIDE,NHAF,SHAF,BOAS,TEAS,SEAS,EQAS,AUST,Global
SAVA,18021.169095615474,72997293.66016601,85449861.324915841,27638101.694908183,150661093.46660182,23072862.710852429,581506.72974803287,2031836559.0571747,1462673018.9914224,8955450.5756792519,439842603.59440506,967372904.43274438,82169894.745816693,36897661.558702365,5390166833.7122316
BORF,19419280.587087531,0.0,0.0,0.0,0.0,88503.157891751471,0.0,17210.650593500588,5728.2849559109027,482223573.12913078,520581027.92303872,0.0,0.0,0.0,1022335323.7326982
TEMF,441154.03117302695,172753408.20040628,14253024.817746416,0.0,9354767.228663899,22692498.1474596,56831.278981345844,0.0,862270.01582270581,8110018.2826200714,349174232.11638367,174770749.5587959,0.0,1961164.8775743027,754430118.55562723
DEFO,0.0,0.0,63940066.169297412,7858679.5894486299,155741150.66518602,0.0,0.0,102241440.84785132,135175312.77239183,0.0,47860960.349102363,451592242.79422963,128216891.81465717,1545188.1612094257,1094171933.1633737
PEAT,1900833.3486232965,0.0,0.0,0.0,0.0,1029.8534762110201,0.0,0.0,0.0,11579942.743096812,486877.78579124442,0.0,72425890.116155431,0.0,86394573.847142994
AGRI,259485.47704935053,72206366.461960405,48165676.520571664,3879408.0807812056,21482238.958674837,196394693.62963271,1413646.6939144104,259226998.14467588,58449366.138443023,101984468.96551315,1976906717.9109654,210417949.82927841,37865004.193088524,665132.38565964845,2989317153.3902087
total,22038774.613028824,317957068.32253265,211808628.83253133,39376189.365138017,337239250.31912655,242249587.4993127,2051984.7026437891,2393322208.7002954,1657165696.2030358,612853453.69604003,3334852419.6796865,1804153846.6150484,320677680.86971784,41069146.983145744,11336815936.401283

2009
,BONA,TENA,CEAM,NHSA,SHSA,EURO,MIDE,NHAF,SHAF,BOAS,TEAS,SEAS,EQAS,AUST,Global
SAVA,29246.506047812425,58883775.176641583,85947305.988589391,30613486.22666369,90564759.704488352,25710338.408945892,679088.80416922865,1779333877.297205,1467076502.5205185,4423298.7283385973,351433150.60238999,1266116644.1399179,138871256.1087535,52650202.718236811,5352332932.9309063
BORF,25051115.173228584,0.0,0.0,0.0,0.0,89126.054289369291,0.0,0.0,42516.103567456041,166976089.32790172,589790361.01110852,0.0,0.0,0.0,781949207.67009568
TEMF,1068615.2849289004,77746476.123356283,1568923.3221193813,0.0,10215639.141007457,16487405.20846509,94871.745289359926,0.0,927590.05147017119,7142835.1186078321,427555068.74670511,321810577.12146765,0.0,9300546.7993615009,873918548.66277862
DEFO,0.0,0.0,100442064.87176798,6559184.1903856695,61533525.360539161,0.0,0.0,101861563.53226221,126903896.8451297,0.0,59716971.771180108,1028244766.9682605,1014627429.5499383,4412711.2786359675,2504302114.3680997
PEAT,2068934.7928286502,0.0,0.0,0.0,0.0,18667.653953275501,0.0,0.0,0.0,7934155.4537775544,255641.58334305265,0.0,2640317459.7027683,0.0,2650594859.1866708
AGRI,525442.90121345827,81569900.699253052,59783952.998371199,5951567.5504459944,19795625.306906711,105130572.36924775,2881183.894178364,210373749.4265818,55827127.274914965,39078461.65830373,1462024514.5726867,438213162.91317022,55710236.064735591,1473258.9049277373,2538338756.5349369
total,28743354.658247404,218200151.99925092,247742247.18084794,43124237.967495359,182109549.51294166,147436109.69490138,3655144.4436369524,2091569190.2560492,1650777632.7956009,225554840.28692943,2890775708.2874136,3054385151.1428161,3849526381.4261956,67836719.70116201,14701436419.353487

2010
,BONA,TENA,CEAM,NHSA,SHSA,EURO,MIDE,NHAF,SHAF,BOAS,TEAS,SEAS,EQAS,AUST,Global
SAVA,12821.87642296864,52765719.270820163,70178644.726090729,28730918.285951853,333934239.34667355,31271073.953605931,947537.33981426514,1601686540.8789768,1569150922.8475957,3815013.6195151242,608503371.92764306,1418494231.9668875,72620950.810494348,21923845.382710617,5814035832.233202
BORF,44894618.484733902,0.0,0.0,0.0,0.0,11833.646854002345,0.0,0.0,1772.4270386400938,188138015.19734102,117213283.3258286,0.0,0.0,0.0,350259523.08179617
TEMF,2162016.3974345983,60229157.1353774,3933042.5234259134,0.0,10820882.430631466,12012986.933945475,320478.06227230013,0.0,2240899.5871032123,26267142.324034471,364401644.30117869,265231379.89783821,0.0,2090817.209026776,749710446.80226851
DEFO,0.0,0.0,24973099.324265193,17707350.352381319,675271340.06389904,0.0,0.0,89238074.835546941,146108494.87136966,0.0,122570905.98852216,1780051619.3582401,99975496.8524362,191575.23152581477,2956087956.8781862
PEAT,4236955.242041532,0.0,0.0,0.0,0.0,208.55525983821806,0.0,0.0,0.0,16184212.007337118,349895.07541824941,0.0,26772684.266906857,0.0,47543955.146963596
AGRI,292016.00415207504,143973768.00498256,51298304.555196479,4488910.7310162531,22006120.964297682,100963668.00622772,2565132.4225629643,228823279.46039528,63775813.188143417,58152821.16426374,896723006.71982968,332446044.24816358,23883796.608495794,1256697.0992694022,1930649379.1769967
total,51598428.004785076,256968644.41118014,150383091.12897831,50927179.369349428,1042032582.8055017,144259771.09589297,3833147.8246495295,1919747895.1749191,1781277902.9212506,292557204.31249148,2109762107.3384204,3796223275.4711294,223252928.53833321,25462934.922532611,11848287093.319412

2011
,BONA,TENA,CEAM,NHSA,SHSA,EURO,MIDE,NHAF,SHAF,BOAS,TEAS,SEAS,EQAS,AUST,Global
SAVA,31556.305226447832,89445442.577517256,130062524.04663193,16716295.518551337,117686652.18918341,30533984.936419193,669974.81419224397,1823835192.2859163,1527205182.8912227,3171712.6555588283,372890733.681862,853675804.28465176,90371746.08350268,89951537.620495006,5146248339.8909311
BORF,31404492.134105366,0.0,0.0,0.0,0.0,132556.21065498711,0.0,0.0,10201.820622358733,301702090.71109194,177837842.99795148,0.0,0.0,0.0,511087183.87442613
TEMF,487950.90390898933,117411865.31598106,9002069.1972230952,0.0,9129047.3178581372,30617976.967955507,109676.37026779835,0.0,1249525.3333807644,4118439.6980018765,304231465.64266348,144576142.20880401,0.0,2141165.9277895428,623075324.88383424
DEFO,0.0,0.0,143427750.94971427,1718151.2555904903,123508763.07792373,0.0,0.0,154661511.61242563,113272919.8609848,0.0,11005088.389641006,796581576.09868598,419701428.59755468,2422770.2867462607,1766299960.129267
PEAT,2880865.0347841159,0.0,0.0,0.0,0.0,10852.427506691678,0.0,0.0,0.0,5128923.598944664,526015.05341694434,0.0,934257460.31030893,0.0,942804116.42496133
AGRI,307282.96677372098,85246934.876185209,60453251.960875228,1669131.5373686848,16806445.078775298,149896280.54923198,2487514.0599076017,221921926.28887743,59791426.129146889,39889992.259044133,834694047.49661219,294587376.37396646,37958641.048915736,2194022.8367065885,1807904273.4623871
total,35112147.344798639,292104242.76968348,342945596.15444452,20103578.311510511,267130907.66374058,211191651.09176835,3267165.2443676442,2200418630.1872191,1701529256.0353575,354011158.9226414,1701185193.2621472,2089420898.9661081,1482289276.040282,96709496.671737403,10797419198.665806

2012
,BONA,TENA,CEAM,NHSA,SHSA,EURO,MIDE,NHAF,SHAF,BOAS,TEAS,SEAS,EQAS,AUST,Global
SAVA,59607.29584292497,91249312.607674956,60036747.993907928,20166383.71899664,226241561.96881288,59681579.07882677,921260.61772139743,1654446829.3947582,1398152559.6061945,2548326.4262841735,421278948.97999644,1188062631.340225,81250367.771253049,90853156.216635138,5294949273.0171299
BORF,29993247.215515155,0.0,0.0,0.0,0.0,94768.846348980078,0.0,0.0,0.0,694140038.84909666,488371647.27492601,0.0,0.0,0.0,1212599702.1858869
TEMF,767158.34181957331,223394286.50356084,9246260.8582948688,0.0,9609374.0416510217,47713731.358656012,314263.01119144668,0.0,1463575.9146312028,3276724.9745922629,201068021.24128217,305613133.43877786,0.0,3501606.4087124029,805968136.09316969
DEFO,0.0,0.0,22392258.575838536,5295531.8379413467,258381305.12839103,0.0,0.0,107971791.9055818,91208918.544864178,0.0,26135722.315104939,1134929723.52668,440843929.26817572,2618688.741142509,2089777869.8437202
PEAT,4991060.5703887204,0.0,0.0,0.0,0.0,11998.475415559205,0.0,0.0,0.0,21182233.037129425,234722.98860450648,0.0,918990578.69158232,0.0,945410593.76312053
AGRI,711466.2272974957,57543706.060104929,34133760.617307536,3102366.4324027575,23014503.538620774,211781331.71589193,1699992.6481819462,210921654.17831543,61289070.569671281,37392752.40263284,809136998.63389921,330546245.31514102,31321871.448625818,1731624.1569673151,1814327343.9450605
total,36522539.650863864,372187305.1713407,125809028.04534888,28564281.989340741,517246744.67747569,319283409.47513926,2935516.2770947907,1973340275.4786553,1552114124.6353612,758540075.68973529,1946226061.4338133,2959151733.6208243,1472406747.179637,98705075.523457363,12163032918.848087

2013
,BONA,TENA,CEAM,NHSA,SHSA,EURO,MIDE,NHAF,SHAF,BOAS,TEAS,SEAS,EQAS,AUST,Global
SAVA,21583.487984159434,46996416.855618618,98864793.693763822,22213763.155770525,113994646.10166067,32798151.127948303,449450.88983889337,1767993499.1278901,1485584692.0824308,1402560.0615351,208033490.10169819,948801093.83208203,78104700.646816567,34695150.174765021,4839953991.3398018
BORF,63669511.773449302,0.0,0.0,0.0,0.0,151479.29475601407,0.0,0.0,11705.731408872216,269444304.22553647,72141738.725687176,0.0,0.0,0.0,405418739.7508378
TEMF,515203.38648354518,143955894.20188904,4713690.541566344,0.0,10099135.911952807,14326476.095539918,77572.001305247366,0.0,1280250.8762184479,1752910.7125555919,270165554.12157553,227150402.20335478,0.0,9472237.9766051099,683509328.0290463
DEFO,0.0,0.0,142835862.52507102,7284313.7998936456,99638962.251999304,0.0,0.0,102638656.17889172,141991089.80851671,0.0,16153657.325549092,1424242208.0309308,367387529.26649892,3282988.3023868697,2305455267.489738
PEAT,7994227.8161942046,0.0,0.0,0.0,0.0,5883.3002638030484,0.0,0.0,0.0,11242399.25854741,260722.55798237631,0.0,611909679.89218831,0.0,631412912.82517612
AGRI,328317.4614410504,52283566.5671767,57442989.589595243,3022699.2891916912,22170114.184181198,96174131.431832165,2307650.8897165959,206957388.6140762,61787918.644440085,11436122.719236577,873304357.34985375,364119355.69510514,24147920.049324866,1066293.9650520985,1776548826.4502232
total,72528843.925552264,243235877.62468436,303857336.34999645,32520776.244855866,245902858.44979399,143456121.25034019,2834673.7808607365,2077589543.9208579,1690655657.1430151,295278296.97741115,1440059520.1823461,2964313059.7614727,1081549829.8548286,48516670.418809101,10642299065.884823

2014
,BONA,TENA,CEAM,NHSA,SHSA,EURO,MIDE,NHAF,SHAF,BOAS,TEAS,SEAS,EQAS,AUST,Global
SAVA,13276.387412630715,56255947.523851097,52342966.832844682,34896708.750214763,141667428.68457791,11031959.873050861,661775.00190822047,1660129608.2451377,1371533302.7034724,3372961.8952559447,512318525.29003996,1285593286.4822121,146823951.23802274,56276603.736534581,5332918302.6445351
BORF,69849548.646513596,0.0,0.0,0.0,0.0,438606.83158643852,0.0,0.0,4163.6486977162958,362982803.56218153,124382944.26081598,0.0,0.0,0.0,557658066.94979525
TEMF,1797886.0235601033,160347766.96834821,845998.12958673865,0.0,7882717.1627997197,15994883.742049612,166543.64291196252,0.0,1451931.7002820726,8612677.4669906627,340194616.55075896,343386790.83242905,0.0,6547815.6830101758,887229627.90272725
DEFO,0.0,0.0,25890972.226537943,12347662.35762885,188905299.26379535,0.0,0.0,119027175.72772706,119732450.41495192,0.0,28913523.184822921,1580959442.8645031,1242361327.4859173,3119560.9579757093,3321257414.4838605
PEAT,10741539.197589487,0.0,0.0,0.0,0.0,1577.1758612145372,0.0,0.0,0.0,6841179.6483477624,1517084.4669310192,0.0,2616095764.9291077,0.0,2635197145.4178371
AGRI,777114.46373482293,56494675.767185569,33212102.203337982,4744072.5478670113,19283857.473987378,110629405.5280544,1880398.2846172284,179865652.43819731,53732935.800315812,61358619.057027154,1555376961.6272357,394763205.64399272,35140966.33505103,1451666.7328375145,2508711633.9034419
total,83179364.718810648,273098390.25938487,112292039.39230736,51988443.655710623,357739302.58516037,138096433.15060252,2708716.9294374115,1959022436.411062,1546454784.2677197,443168241.629803,2562703655.3806043,3604702725.8231368,4040422009.9880986,67395647.110357985,15242972191.302197
